a                               0                   0.13                0                   0                   
a0                              0                   0.13                0                   0                   
a00                             0                   0.13                0                   0                   
a0a                             0                   0.13                0                   0                   
a0b                             0                   0.13                0                   0                   
a0c                             0                   0.13                0                   0                   
a0d                             0                   0.13                0                   0                   
a0e                             0                   0.13                0                   0                   
a0f                             0                   0.13                0                   0                   
a0g                             0                   0.13                0                   0                   
a0h                             0                   0.13                0                   0                   
a0i                             0                   0.13                0                   0                   
aa                              0                   0.13                0                   0                   
aa0                             0                   0.13                0                   0                   
aaa                             0                   0.13                0                   0                   
aab                             0                   0.13                0                   0                   
aac                             0                   0.13                0                   0                   
aad                             0                   0.13                0                   0                   
aae                             0                   0.13                0                   0                   
aaf                             0                   0.13                0                   0                   
aag                             0                   0.13                0                   0                   
aah                             0                   0.13                0                   0                   
aai                             0                   0.13                0                   0                   
ab0                             1                   0.13                7.70                8.00                
abA                             0                   0.13                0                   0                   
abaA                            0                   0.13                0                   0                   
abb                             0                   0.13                0                   0                   
abc                             0                   0.13                0                   0                   
abd                             0                   0.13                0                   0                   
abe                             0                   0.13                0                   0                   
abf                             0                   0.13                0                   0                   
abg                             1                   0.13                7.70                8.00                
abh                             0                   0.13                0                   0                   
abi                             0                   0.13                0                   0                   
ac                              0                   0.13                0                   0                   
ac0                             0                   0.13                0                   0                   
aca                             0                   0.13                0                   0                   
acb                             1                   0.13                7.70                8.00                
acc                             0                   0.13                0                   0                   
acd                             0                   0.13                0                   0                   
ace                             1                   0.13                7.70                8.00                
acf                             0                   0.13                0                   0                   
acg                             1                   0.13                7.70                8.00                
achA et al                      0                   0.26                0                   0                   
aci                             0                   0.13                0                   0                   
ad                              1                   0.13                7.70                8.00                
ad0                             0                   0.13                0                   0                   
adaA                            0                   0.13                0                   0                   
adb                             0                   0.13                0                   0                   
adc                             0                   0.13                0                   0                   
add                             0                   0.13                0                   0                   
ade                             0                   0.13                0                   0                   
adfA                            0                   0.13                0                   0                   
adg                             1                   0.13                7.70                8.00                
adh                             0                   0.13                0                   0                   
adi                             0                   0.13                0                   0                   
ae                              0                   0.13                0                   0                   
ae0                             1                   0.13                7.70                8.00                
aeaA et al                      0                   0.26                0                   0                   
aec                             0                   0.13                0                   0                   
aedA                            0                   0.13                0                   0                   
aee                             0                   0.13                0                   0                   
aef                             0                   0.13                0                   0                   
aeg et al                       0                   0.26                0                   0                   
aeh                             0                   0.13                0                   0                   
aei                             0                   0.13                0                   0                   
af                              1                   0.13                7.70                8.00                
af0                             0                   0.13                0                   0                   
afa                             0                   0.13                0                   0                   
afb                             0                   0.13                0                   0                   
afc                             1                   0.13                7.70                8.00                
afe                             0                   0.13                0                   0                   
aff                             0                   0.13                0                   0                   
afg                             0                   0.13                0                   0                   
afh                             0                   0.13                0                   0                   
afi                             0                   0.13                0                   0                   
ag                              0                   0.13                0                   0                   
ag0                             0                   0.13                0                   0                   
agaA                            0                   0.13                0                   0                   
agb                             0                   0.13                0                   0                   
agc                             0                   0.13                0                   0                   
agd                             0                   0.13                0                   0                   
age                             0                   0.13                0                   0                   
ah                              0                   0.13                0                   0                   
ai                              0                   0.13                0                   0                   
b                               0                   0.13                0                   0                   
b0                              0                   0.13                0                   0                   
ba                              0                   0.13                0                   0                   
bb                              0                   0.13                0                   0                   
bc                              0                   0.13                0                   0                   
bd                              0                   0.13                0                   0                   
be                              0                   0.13                0                   0                   
bf                              0                   0.13                0                   0                   
bg                              0                   0.13                0                   0                   
bh                              1                   0.13                7.70                8.00                
bi                              1                   0.13                7.70                8.00                
c                               0                   0.13                0                   0                   
c0                              0                   0.13                0                   0                   
ca                              0                   0.13                0                   0                   
cb                              0                   0.13                0                   0                   
cc                              0                   0.13                0                   0                   
cd                              0                   0.13                0                   0                   
ce                              0                   0.13                0                   0                   
cf                              0                   0.13                0                   0                   
cg                              0                   0.13                0                   0                   
ch                              0                   0.13                0                   0                   
ci                              0                   0.13                0                   0                   
d                               0                   0.13                0                   0                   
d0                              1                   0.13                7.70                8.00                
da                              0                   0.13                0                   0                   
db                              0                   0.13                0                   0                   
dc                              0                   0.13                0                   0                   
dd                              0                   0.13                0                   0                   
de                              1                   0.13                7.70                8.00                
df                              0                   0.13                0                   0                   
dg                              0                   0.13                0                   0                   
dh                              0                   0.13                0                   0                   
di                              0                   0.13                0                   0                   
e                               0                   0.13                0                   0                   
e0                              0                   0.13                0                   0                   
eaA                             0                   0.13                0                   0                   
eb                              0                   0.13                0                   0                   
ec                              1                   0.13                7.70                8.00                
ed                              0                   0.13                0                   0                   
ee                              1                   0.13                7.70                8.00                
ef                              0                   0.13                0                   0                   
eg                              0                   0.13                0                   0                   
eh                              0                   0.13                0                   0                   
ei                              0                   0.13                0                   0                   
f                               0                   0.13                0                   0                   
f0                              0                   0.13                0                   0                   
fa                              0                   0.13                0                   0                   
fb                              0                   0.13                0                   0                   
fc                              0                   0.13                0                   0                   
fd                              0                   0.13                0                   0                   
fe                              1                   0.13                7.70                8.00                
ff                              0                   0.13                0                   0                   
ffA                             1                   0.13                7.70                8.00                
fg                              0                   0.13                0                   0                   
fh                              0                   0.13                0                   0                   
fi                              0                   0.13                0                   0                   
g0                              0                   0.13                0                   0                   
gA                              0                   0.13                0                   0                   
ga                              0                   0.13                0                   0                   
gb                              0                   0.13                0                   0                   
gc                              0                   0.13                0                   0                   
gd                              0                   0.13                0                   0                   
ge                              0                   0.13                0                   0                   
gf                              0                   0.13                0                   0                   
gg                              1                   0.13                7.70                8.00                
gh                              0                   0.13                0                   0                   
gi                              0                   0.13                0                   0                   
h                               0                   0.13                0                   0                   
h0                              0                   0.13                0                   0                   
ha                              0                   0.13                0                   0                   
hb                              0                   0.13                0                   0                   
hc                              0                   0.13                0                   0                   
hd                              0                   0.13                0                   0                   
he                              0                   0.13                0                   0                   
hf                              1                   0.13                7.70                8.00                
hg                              0                   0.13                0                   0                   
hh                              0                   0.13                0                   0                   
hi                              1                   0.13                7.70                8.00                
i                               0                   0.13                0                   0                   
i0                              0                   0.13                0                   0                   
ia                              1                   0.13                7.70                8.00                
ib                              0                   0.13                0                   0                   
ic                              0                   0.13                0                   0                   
id                              0                   0.13                0                   0                   
ie                              0                   0.13                0                   0                   
if                              0                   0.13                0                   0                   
ig                              0                   0.13                0                   0                   
ih                              1                   0.13                7.70                8.00                
ii                              0                   0.13                0                   0                   
