4.779144            
6.754344            
6.301159            
4.159561            
4.159561            
3.964699            
4.902062            
3.725223            
4.174296            
4.159561            
4.159561            
6.927072            
6.301159            
2.895172            
6.301159            
4.159561            
3.181811            
4.902062            
4.159561            
7.590741            
5.428805            
4.165394            
4.984818            
4.159561            
4.902062            
6.301159            
6.341101            
4.159561            
6.301159            
6.301159            
4.984818            
4.174296            
4.174296            
4.300632            
4.174296            
4.159561            
2.895172            
4.159561            
4.159561            
4.159561            
6.301159            
3.413009            
4.349688            
6.696273            
4.174296            
6.101715            
4.984818            
6.301159            
4.707145            
4.159561            
6.301159            
4.902062            
4.984818            
4.159561            
4.159561            
4.159561            
4.159561            
8.542687            
4.174296            
4.174296            
4.159561            
5.761993            
6.101715            
4.902062            
8.487030            
4.159561            
4.159561            
4.174296            
4.174296            
4.174296            
4.159561            
3.181811            
6.301159            
3.181811            
6.301159            
8.487030            
3.181811            
4.159561            
4.349688            
7.590741            
4.159561            
4.159561            
5.784965            
7.689532            
4.902062            
6.227816            
4.159561            
4.159561            
4.159561            
4.840754            
4.902062            
6.838107            
4.159561            
6.101715            
8.487030            
4.159561            
4.159561            
4.159561            
4.159561            
4.159561            
4.975507            
4.159561            
6.101715            
4.159561            
4.159561            
6.754344            
